tls_isolated_isle_64x64,320,448,128,0,64,64,0,1,1,4294967295
tls_isolated_isle_64x64,384,448,128,0,64,64,0,1,1,4294967295
tls_isolated_isle_64x64,448,448,128,0,64,64,0,1,1,4294967295
tls_isolated_isle_64x64,512,448,128,0,64,64,0,1,1,4294967295
tls_isolated_isle_64x64,576,448,128,0,64,64,0,1,1,4294967295
tls_isolated_isle_64x64,640,448,832,192,64,64,0,1,1,4294967295
tls_isolated_isle_64x64,704,448,896,192,64,64,0,1,1,4294967295
tls_isolated_isle_64x64,768,448,0,256,64,64,0,1,1,4294967295
tls_isolated_isle_64x64,832,448,64,256,64,64,0,1,1,4294967295
tls_isolated_isle_64x64,768,512,256,256,64,64,0,1,1,4294967295
tls_isolated_isle_64x64,832,512,320,256,64,64,0,1,1,4294967295
tls_isolated_isle_64x64,704,512,512,384,64,64,0,1,1,4294967295
tls_isolated_isle_64x64,640,512,448,384,64,64,0,1,1,4294967295
tls_isolated_isle_64x64,640,576,768,448,64,64,0,1,1,4294967295
tls_isolated_isle_64x64,640,640,768,448,64,64,0,1,1,4294967295
tls_isolated_isle_64x64,704,576,832,448,64,64,0,1,1,4294967295
tls_isolated_isle_64x64,704,640,832,448,64,64,0,1,1,4294967295
tls_isolated_isle_64x64,704,704,832,448,64,64,0,1,1,4294967295
tls_isolated_isle_64x64,640,704,768,448,64,64,0,1,1,4294967295
tls_isolated_isle_64x64,0,448,128,0,64,64,0,1,1,4294967295
tls_isolated_isle_64x64,64,448,128,0,64,64,0,1,1,4294967295
tls_isolated_isle_64x64,128,448,128,0,64,64,0,1,1,4294967295
tls_isolated_isle_64x64,192,448,128,0,64,64,0,1,1,4294967295
tls_isolated_isle_64x64,256,448,128,0,64,64,0,1,1,4294967295
tls_isolated_isle_64x64,256,512,128,1600,64,64,0,1,1,4294967295
tls_isolated_isle_64x64,320,512,192,1600,64,64,0,1,1,4294967295
tls_isolated_isle_64x64,0,576,448,1664,64,64,0,1,1,4294967295
tls_isolated_isle_64x64,64,576,512,1664,64,64,0,1,1,4294967295
tls_isolated_isle_64x64,0,512,128,1600,64,64,0,1,1,4294967295
tls_isolated_isle_64x64,64,512,256,1600,64,64,0,1,1,4294967295
tls_isolated_isle_64x64,896,512,128,0,64,64,0,1,1,4294967295
tls_isolated_isle_64x64,960,512,128,0,64,64,0,1,1,4294967295
tls_isolated_isle_64x64,1024,512,128,0,64,64,0,1,1,4294967295
tls_isolated_isle_64x64,1088,512,128,0,64,64,0,1,1,4294967295
tls_isolated_isle_64x64,128,576,320,384,64,64,0,1,1,4294967295
tls_isolated_isle_64x64,128,640,0,768,64,64,0,1,1,4294967295
tls_isolated_isle_64x64,128,704,0,768,64,64,0,1,1,4294967295
tls_isolated_isle_64x64,128,768,64,768,64,64,0,1,1,4294967295
tls_isolated_isle_64x64,768,576,576,384,64,64,0,1,1,4294967295
tls_isolated_isle_64x64,832,576,384,384,64,64,0,1,1,4294967295
tls_isolated_isle_64x64,128,512,64,704,64,64,0,1,1,4294967295
tls_isolated_isle_64x64,192,512,256,576,64,64,0,1,1,4294967295
tls_isolated_isle_64x64,0,640,0,512,64,64,0,1,1,4294967295
tls_isolated_isle_64x64,320,576,576,1792,64,64,0,1,1,4294967295
tls_isolated_isle_64x64,256,576,512,1792,64,64,0,1,1,4294967295
tls_isolated_isle_64x64,384,576,832,1472,64,64,0,1,1,4294967295
tls_isolated_isle_64x64,448,576,896,1472,64,64,0,1,1,4294967295
tls_isolated_isle_64x64,448,512,576,384,64,64,0,1,1,4294967295
tls_isolated_isle_64x64,512,576,128,1600,64,64,0,1,1,4294967295
tls_isolated_isle_64x64,576,576,192,1600,64,64,0,1,1,4294967295
tls_isolated_isle_64x64,512,640,448,1664,64,64,0,1,1,4294967295
tls_isolated_isle_64x64,576,640,512,1664,64,64,0,1,1,4294967295
tls_isolated_isle_64x64,512,512,320,1856,64,64,0,1,1,4294967295
tls_isolated_isle_64x64,576,512,384,1856,64,64,0,1,1,4294967295
tls_isolated_isle_64x64,192,640,320,1856,64,64,0,1,1,4294967295
tls_isolated_isle_64x64,256,640,384,1856,64,64,0,1,1,4294967295
tls_isolated_isle_64x64,320,640,64,704,64,64,0,1,1,4294967295
tls_isolated_isle_64x64,448,640,384,384,64,64,0,1,1,4294967295
tls_isolated_isle_64x64,448,704,896,896,64,64,0,1,1,4294967295
tls_isolated_isle_64x64,0,704,128,1600,64,64,0,1,1,4294967295
tls_isolated_isle_64x64,64,704,256,1600,64,64,0,1,1,4294967295
tls_isolated_isle_64x64,0,832,0,512,64,64,0,1,1,4294967295
tls_isolated_isle_64x64,0,768,448,1664,64,64,0,1,1,4294967295
tls_isolated_isle_64x64,64,768,512,1664,64,64,0,1,1,4294967295
tls_isolated_isle_64x64,192,704,256,576,64,64,0,1,1,4294967295
tls_isolated_isle_64x64,256,768,512,1792,64,64,0,1,1,4294967295
tls_isolated_isle_64x64,320,768,576,1792,64,64,0,1,1,4294967295
tls_isolated_isle_64x64,384,768,832,1472,64,64,0,1,1,4294967295
tls_isolated_isle_64x64,192,832,320,1856,64,64,0,1,1,4294967295
tls_isolated_isle_64x64,256,832,384,1856,64,64,0,1,1,4294967295
tls_isolated_isle_64x64,320,832,64,704,64,64,0,1,1,4294967295
tls_isolated_isle_64x64,256,704,128,1600,64,64,0,1,1,4294967295
tls_isolated_isle_64x64,320,704,192,1600,64,64,0,1,1,4294967295
tls_isolated_isle_64x64,512,768,128,1600,64,64,0,1,1,4294967295
tls_isolated_isle_64x64,576,768,192,1600,64,64,0,1,1,4294967295
tls_isolated_isle_64x64,512,832,448,1664,64,64,0,1,1,4294967295
tls_isolated_isle_64x64,576,832,512,1664,64,64,0,1,1,4294967295
tls_isolated_isle_64x64,512,704,320,1856,64,64,0,1,1,4294967295
tls_isolated_isle_64x64,576,704,384,1856,64,64,0,1,1,4294967295
tls_isolated_isle_64x64,192,576,64,704,64,64,0,1,1,4294967295
tls_isolated_isle_64x64,192,768,64,704,64,64,0,1,1,4294967295
tls_isolated_isle_64x64,384,512,320,576,64,64,0,1,1,4294967295
tls_isolated_isle_64x64,384,704,320,576,64,64,0,1,1,4294967295
tls_isolated_isle_64x64,384,832,768,1472,64,64,0,1,1,4294967295
tls_isolated_isle_64x64,384,640,768,1472,64,64,0,1,1,4294967295
tls_isolated_isle_64x64,64,640,832,1472,64,64,0,1,1,4294967295
tls_isolated_isle_64x64,64,832,832,1472,64,64,0,1,1,4294967295
tls_isolated_isle_64x64,832,640,0,1664,64,64,0,1,1,4294967295
tls_isolated_isle_64x64,832,704,640,448,64,64,0,1,1,4294967295
tls_isolated_isle_64x64,448,768,704,448,64,64,0,1,1,4294967295
tls_isolated_isle_64x64,832,768,640,448,64,64,0,1,1,4294967295
tls_isolated_isle_64x64,640,768,768,448,64,64,0,1,1,4294967295
tls_isolated_isle_64x64,704,768,832,448,64,64,0,1,1,4294967295
tls_isolated_isle_64x64,640,832,768,448,64,64,0,1,1,4294967295
tls_isolated_isle_64x64,704,832,832,448,64,64,0,1,1,4294967295
tls_isolated_isle_64x64,128,832,0,768,64,64,0,1,1,4294967295
tls_isolated_isle_64x64,832,832,640,448,64,64,0,1,1,4294967295
tls_isolated_isle_64x64,768,640,832,1472,64,64,0,1,1,4294967295
tls_isolated_isle_64x64,768,768,320,576,64,64,0,1,1,4294967295
tls_isolated_isle_64x64,768,704,768,1472,64,64,0,1,1,4294967295
tls_isolated_isle_64x64,768,832,832,1472,64,64,0,1,1,4294967295
tls_isolated_isle_64x64,704,896,832,448,64,64,0,1,1,4294967295
tls_isolated_isle_64x64,640,896,768,448,64,64,0,1,1,4294967295
tls_isolated_isle_64x64,128,896,0,768,64,64,0,1,1,4294967295
tls_isolated_isle_64x64,128,960,64,768,64,64,0,1,1,4294967295
tls_isolated_isle_64x64,448,896,896,896,64,64,0,1,1,4294967295
tls_isolated_isle_64x64,192,960,64,704,64,64,0,1,1,4294967295
tls_isolated_isle_64x64,384,896,320,576,64,64,0,1,1,4294967295
tls_isolated_isle_64x64,384,1024,768,1472,64,64,0,1,1,4294967295
tls_isolated_isle_64x64,64,1024,832,1472,64,64,0,1,1,4294967295
tls_isolated_isle_64x64,832,896,640,448,64,64,0,1,1,4294967295
tls_isolated_isle_64x64,448,960,704,448,64,64,0,1,1,4294967295
tls_isolated_isle_64x64,832,960,640,448,64,64,0,1,1,4294967295
tls_isolated_isle_64x64,640,960,768,448,64,64,0,1,1,4294967295
tls_isolated_isle_64x64,704,960,832,448,64,64,0,1,1,4294967295
tls_isolated_isle_64x64,640,1024,768,448,64,64,0,1,1,4294967295
tls_isolated_isle_64x64,704,1024,832,448,64,64,0,1,1,4294967295
tls_isolated_isle_64x64,128,1024,0,768,64,64,0,1,1,4294967295
tls_isolated_isle_64x64,832,1024,640,448,64,64,0,1,1,4294967295
tls_isolated_isle_64x64,0,896,128,1600,64,64,0,1,1,4294967295
tls_isolated_isle_64x64,64,896,256,1600,64,64,0,1,1,4294967295
tls_isolated_isle_64x64,0,1024,0,512,64,64,0,1,1,4294967295
tls_isolated_isle_64x64,0,960,448,1664,64,64,0,1,1,4294967295
tls_isolated_isle_64x64,64,960,512,1664,64,64,0,1,1,4294967295
tls_isolated_isle_64x64,192,896,256,576,64,64,0,1,1,4294967295
tls_isolated_isle_64x64,256,960,512,1792,64,64,0,1,1,4294967295
tls_isolated_isle_64x64,320,960,576,1792,64,64,0,1,1,4294967295
tls_isolated_isle_64x64,384,960,832,1472,64,64,0,1,1,4294967295
tls_isolated_isle_64x64,192,1024,320,1856,64,64,0,1,1,4294967295
tls_isolated_isle_64x64,256,1024,384,1856,64,64,0,1,1,4294967295
tls_isolated_isle_64x64,320,1024,64,704,64,64,0,1,1,4294967295
tls_isolated_isle_64x64,256,896,128,1600,64,64,0,1,1,4294967295
tls_isolated_isle_64x64,320,896,192,1600,64,64,0,1,1,4294967295
tls_isolated_isle_64x64,512,960,128,1600,64,64,0,1,1,4294967295
tls_isolated_isle_64x64,576,960,192,1600,64,64,0,1,1,4294967295
tls_isolated_isle_64x64,512,1024,448,1664,64,64,0,1,1,4294967295
tls_isolated_isle_64x64,576,1024,512,1664,64,64,0,1,1,4294967295
tls_isolated_isle_64x64,512,896,320,1856,64,64,0,1,1,4294967295
tls_isolated_isle_64x64,576,896,384,1856,64,64,0,1,1,4294967295
tls_isolated_isle_64x64,768,960,320,576,64,64,0,1,1,4294967295
tls_isolated_isle_64x64,768,896,768,1472,64,64,0,1,1,4294967295
tls_isolated_isle_64x64,768,1024,832,1472,64,64,0,1,1,4294967295
tls_isolated_isle_64x64,448,1024,704,448,64,64,0,1,1,4294967295
tls_isolated_isle_64x64,448,832,704,448,64,64,0,1,1,4294967295
tls_isolated_isle_64x64,896,576,128,1600,64,64,0,1,1,4294967295
tls_isolated_isle_64x64,960,576,256,1600,64,64,0,1,1,4294967295
tls_isolated_isle_64x64,1024,640,320,384,64,64,0,1,1,4294967295
tls_isolated_isle_64x64,1024,704,0,768,64,64,0,1,1,4294967295
tls_isolated_isle_64x64,1024,768,0,768,64,64,0,1,1,4294967295
tls_isolated_isle_64x64,1024,832,64,768,64,64,0,1,1,4294967295
tls_isolated_isle_64x64,1024,576,64,704,64,64,0,1,1,4294967295
tls_isolated_isle_64x64,1088,576,256,576,64,64,0,1,1,4294967295
tls_isolated_isle_64x64,896,704,0,512,64,64,0,1,1,4294967295
tls_isolated_isle_64x64,1088,704,320,1856,64,64,0,1,1,4294967295
tls_isolated_isle_64x64,1088,640,64,704,64,64,0,1,1,4294967295
tls_isolated_isle_64x64,1088,832,64,704,64,64,0,1,1,4294967295
tls_isolated_isle_64x64,960,704,832,1472,64,64,0,1,1,4294967295
tls_isolated_isle_64x64,960,896,832,1472,64,64,0,1,1,4294967295
tls_isolated_isle_64x64,1024,896,0,768,64,64,0,1,1,4294967295
tls_isolated_isle_64x64,896,640,448,1664,64,64,0,1,1,4294967295
tls_isolated_isle_64x64,960,640,512,1664,64,64,0,1,1,4294967295
tls_isolated_isle_64x64,896,768,128,1600,64,64,0,1,1,4294967295
tls_isolated_isle_64x64,960,768,256,1600,64,64,0,1,1,4294967295
tls_isolated_isle_64x64,896,896,0,512,64,64,0,1,1,4294967295
tls_isolated_isle_64x64,896,832,448,1664,64,64,0,1,1,4294967295
tls_isolated_isle_64x64,960,832,512,1664,64,64,0,1,1,4294967295
tls_isolated_isle_64x64,1088,768,256,576,64,64,0,1,1,4294967295
tls_isolated_isle_64x64,1088,896,320,1856,64,64,0,1,1,4294967295
tls_isolated_isle_64x64,1024,960,0,768,64,64,0,1,1,4294967295
tls_isolated_isle_64x64,1024,1024,64,768,64,64,0,1,1,4294967295
tls_isolated_isle_64x64,1088,1024,64,704,64,64,0,1,1,4294967295
tls_isolated_isle_64x64,896,960,128,1600,64,64,0,1,1,4294967295
tls_isolated_isle_64x64,960,960,256,1600,64,64,0,1,1,4294967295
tls_isolated_isle_64x64,896,1024,448,1664,64,64,0,1,1,4294967295
tls_isolated_isle_64x64,960,1024,512,1664,64,64,0,1,1,4294967295
tls_isolated_isle_64x64,1088,960,256,576,64,64,0,1,1,4294967295
tls_isolated_isle_64x64,1152,512,192,0,64,64,0,1,1,4294967295
tls_isolated_isle_64x64,1152,576,896,896,64,64,0,1,1,4294967295
tls_isolated_isle_64x64,1152,640,704,448,64,64,0,1,1,4294967295
tls_isolated_isle_64x64,1152,896,704,448,64,64,0,1,1,4294967295
tls_isolated_isle_64x64,1152,704,704,448,64,64,0,1,1,4294967295
tls_isolated_isle_64x64,1152,768,896,896,64,64,0,1,1,4294967295
tls_isolated_isle_64x64,1152,832,704,448,64,64,0,1,1,4294967295
tls_isolated_isle_64x64,1152,960,896,896,64,64,0,1,1,4294967295
tls_isolated_isle_64x64,1152,1024,896,896,64,64,0,1,1,4294967295
