tls_isolated_isle_64x64,0,384,64,576,64,64,0,1,1,4294967295
tls_isolated_isle_64x64,64,384,128,576,64,64,0,1,1,4294967295
tls_isolated_isle_64x64,128,384,192,576,64,64,0,1,1,4294967295
tls_isolated_isle_64x64,192,384,64,576,64,64,0,1,1,4294967295
tls_isolated_isle_64x64,256,384,128,576,64,64,0,1,1,4294967295
tls_isolated_isle_64x64,320,384,192,576,64,64,0,1,1,4294967295
tls_isolated_isle_64x64,384,384,64,576,64,64,0,1,1,4294967295
tls_isolated_isle_64x64,448,384,128,576,64,64,0,1,1,4294967295
tls_isolated_isle_64x64,512,384,192,576,64,64,0,1,1,4294967295
tls_isolated_isle_64x64,576,384,64,576,64,64,0,1,1,4294967295
