tls_basic_test,1344,864,0,1632,96,96,0,1,1,4294967295
tls_basic_test,1440,864,0,1632,96,96,0,1,1,4294967295
tls_basic_test,1344,960,576,1536,96,96,0,1,1,4294967295
tls_basic_test,1440,960,576,1536,96,96,0,1,1,4294967295
tls_basic_test,768,672,0,1248,96,96,0,1,1,4294967295
tls_basic_test,864,672,0,1248,96,96,0,1,1,4294967295
tls_basic_test,480,672,0,1632,96,96,0,1,1,4294967295
tls_basic_test,576,672,0,1632,96,96,0,1,1,4294967295
tls_basic_test,480,576,192,1536,96,96,0,1,1,4294967295
tls_basic_test,576,576,192,1536,96,96,0,1,1,4294967295
tls_basic_test,1344,768,0,1248,96,96,0,1,1,4294967295
tls_basic_test,1440,768,0,1248,96,96,0,1,1,4294967295
