obj_player_spawn,432,800,13F7E0C7,0,1,1,4294967295,0,0
obj_ring,576,608,D8AC7160,0,1,1,4294967295,0,0
obj_ring,600,608,381DD3E2,0,1,1,4294967295,0,0
obj_ring,552,608,9D79C6F8,0,1,1,4294967295,0,0
obj_ring,1224,752,0EF3820C,0,1,1,4294967295,0,0
obj_ring,1272,752,DC78AFC0,0,1,1,4294967295,0,0
obj_ring,1248,752,C41EA356,0,1,1,4294967295,0,0
obj_item_box,240,608,441E7607,0,1,1,4294967295,0,1
obj_ring,720,800,52116588,0,1,1,4294967295,0,0
obj_ring,744,800,DBC2C963,0,1,1,4294967295,0,0
obj_ring,696,800,1514FD80,0,1,1,4294967295,0,0
obj_basic_test_mask_18,768,672,AC57BEC7,0,2,1,2164260863,0,1
obj_basic_test_mask_18,1344,768,0B554F5D,0,2,1,2164260863,0,1
obj_basic_test_mask_03,1344,1056,373C5965,0,4,1,4294967295,0,0
obj_basic_test_mask_01,192,384,7A8EB21E,0,1,0.01041667,4294967295,0,0
obj_basic_test_mask_03,192,0,5B49E1F8,0,1,5,4294967295,0,0
obj_basic_test_mask_03,1248,864,6CF82B41,0,1,3,4294967295,0,0
obj_basic_test_mask_05,1056,768,DA491CC7,0,1,1,4294967295,0,0
obj_basic_test_mask_06,960,792,0DF9741E,0,1,1,4294967295,0,0
obj_basic_test_mask_05,1824,1056,39902E01,0,-1,1,4294967295,0,0
obj_basic_test_mask_06,1920,1080,ADEE22B5,0,-1,1,4294967295,0,0
obj_basic_test_mask_01,1824,1104,31E43842,0,4,1,4294967295,0,0
obj_item_box,208,608,546B3C54,0,1,1,4294967295,0,1
obj_basic_test_mask_18,480,624,62E2718D,0,2,1,2164260863,0,1
obj_basic_test_mask_01,384,816,1A582036,0,8,1,4294967295,0,0
obj_basic_test_mask_03,1152,768,34D40E6A,0,2,1,4294967295,0,0
obj_basic_test_mask_03,96,384,649888BD,0,1,3,4294967295,0,0
obj_basic_test_mask_01,192,624,EE8A3908,0,2,1,4294967295,0,0
obj_basic_test_mask_03,288,672,B724E1AE,0,1,2,4294967295,0,0
obj_basic_test_waterfall,1488,848,653FD335,0,1,1,4294967295,0,0
obj_basic_test_waterfall,1488,816,7B79D2F5,0,1,1,4294967295,0,0
obj_basic_test_waterfall,1488,784,F5367525,0,1,1,4294967295,0,0
obj_basic_test_waterfall,1488,752,8ADC4918,0,1,1,4294967295,0,0
obj_basic_test_waterfall,1488,720,073DC8B4,0,1,1,4294967295,0,0
obj_basic_test_waterfall,1488,688,17BA14B1,0,1,1,4294967295,0,0
obj_basic_test_waterfall,1488,656,7CFDEE3F,0,1,1,4294967295,0,0
obj_basic_test_waterfall,1488,624,77E9B260,0,1,1,4294967295,0,0
obj_basic_test_waterfall,1488,592,71960A35,0,1,1,4294967295,0,0
obj_basic_test_waterfall,1488,560,67D4833C,0,1,1,4294967295,0,0
obj_basic_test_waterfall,1488,528,D59841F7,0,1,1,4294967295,0,0
obj_basic_test_waterfall,1488,496,D12691C5,0,1,1,4294967295,0,0
obj_basic_test_waterfall,1488,464,FD187474,0,1,1,4294967295,0,0
obj_basic_test_waterfall,1488,432,927D54C1,0,1,1,4294967295,0,0
obj_basic_test_waterfall,1488,400,80F86AD9,0,1,1,4294967295,0,0
obj_basic_test_waterfall,1488,368,F2087CFD,0,1,1,4294967295,0,0
obj_basic_test_waterfall,1488,336,EA4CF223,0,1,1,4294967295,0,0
obj_basic_test_waterfall,1488,304,8A92163B,0,1,1,4294967295,0,0
obj_basic_test_waterfall,1488,272,2517BCF8,0,1,1,4294967295,0,0
obj_basic_test_waterfall,1488,240,AFA93401,0,1,1,4294967295,0,0
obj_basic_test_waterfall,1488,208,9DD9526D,0,1,1,4294967295,0,0
obj_basic_test_waterfall,1488,176,73C3A367,0,1,1,4294967295,0,0
obj_basic_test_waterfall,1488,144,7EAFAA4E,0,1,1,4294967295,0,0
obj_basic_test_waterfall,1488,112,93401345,0,1,1,4294967295,0,0
obj_basic_test_waterfall,1488,80,5BF31E41,0,1,1,4294967295,0,0
obj_basic_test_waterfall,1488,48,20826950,0,1,1,4294967295,0,0
obj_basic_test_waterfall,1488,16,B494EFDD,0,1,1,4294967295,0,0
obj_item_box,1360,1040,D277695E,0,1,1,4294967295,0,1
obj_basic_test_mask_03,1536,768,C594A97D,0,4,2,4294967295,0,0
obj_basic_test_mask_01,1632,720,C42471BA,0,1,1,4294967295,0,0
obj_basic_test_mask_04,1728,672,8D132A65,0,1,1,4294967295,0,0
obj_basic_test_mask_01,1824,672,58024EC3,0,1,1,4294967295,0,0
